likelihood:
-82.6689
 rates:
0.000055 0.000100 0.000100 0.000100 0.000100 0.000055 0.000050 0.000100 0.000100 0.000100 0.000100 0.000000 0.000100 0.000000 0.000100 0.000014 0.000100 0.000000 0.000100 
times:
-0.0000 54556.8749 94556.8979 64556.8807 134556.9211 18185.6693 144556.9269 124556.9153 154332.9888 84556.8921 74556.8864 184332.9897 114556.9095 184332.9897 174332.9894 36371.3100 164332.9891 184332.9897 104556.9037 
order:
   1    6 
   2    4 
   3   19 
   4   11 
   5    7 
   6   16 
   7    9   12 
   8    5 
   9   17 
  10    3 
  11   10 
  12 
  13    8 
  14 
  15   14 
  16    2   18 
  17   15 
  18 
  19   13 
